xof 0303txt 0032
template ColorRGBA {
 <35ff44e0-6c7c-11cf-8f52-0040333594a3>
 FLOAT red;
 FLOAT green;
 FLOAT blue;
 FLOAT alpha;
}

template ColorRGB {
 <d3e16e81-7835-11cf-8f52-0040333594a3>
 FLOAT red;
 FLOAT green;
 FLOAT blue;
}

template Material {
 <3d82ab4d-62da-11cf-ab39-0020af71e433>
 ColorRGBA faceColor;
 FLOAT power;
 ColorRGB specularColor;
 ColorRGB emissiveColor;
 [...]
}

template TextureFilename {
 <a42790e1-7810-11cf-8f52-0040333594a3>
 STRING filename;
}

template Frame {
 <3d82ab46-62da-11cf-ab39-0020af71e433>
 [...]
}

template Matrix4x4 {
 <f6f23f45-7686-11cf-8f52-0040333594a3>
 array FLOAT matrix[16];
}

template FrameTransformMatrix {
 <f6f23f41-7686-11cf-8f52-0040333594a3>
 Matrix4x4 frameMatrix;
}

template Vector {
 <3d82ab5e-62da-11cf-ab39-0020af71e433>
 FLOAT x;
 FLOAT y;
 FLOAT z;
}

template MeshFace {
 <3d82ab5f-62da-11cf-ab39-0020af71e433>
 DWORD nFaceVertexIndices;
 array DWORD faceVertexIndices[nFaceVertexIndices];
}

template Mesh {
 <3d82ab44-62da-11cf-ab39-0020af71e433>
 DWORD nVertices;
 array Vector vertices[nVertices];
 DWORD nFaces;
 array MeshFace faces[nFaces];
 [...]
}

template MeshNormals {
 <f6f23f43-7686-11cf-8f52-0040333594a3>
 DWORD nNormals;
 array Vector normals[nNormals];
 DWORD nFaceNormals;
 array MeshFace faceNormals[nFaceNormals];
}

template MeshMaterialList {
 <f6f23f42-7686-11cf-8f52-0040333594a3>
 DWORD nMaterials;
 DWORD nFaceIndexes;
 array DWORD faceIndexes[nFaceIndexes];
 [Material <3d82ab4d-62da-11cf-ab39-0020af71e433>]
}

template Coords2d {
 <f6f23f44-7686-11cf-8f52-0040333594a3>
 FLOAT u;
 FLOAT v;
}

template MeshTextureCoords {
 <f6f23f40-7686-11cf-8f52-0040333594a3>
 DWORD nTextureCoords;
 array Coords2d textureCoords[nTextureCoords];
}

template XSkinMeshHeader {
 <3cf169ce-ff7c-44ab-93c0-f78f62d172e2>
 WORD nMaxSkinWeightsPerVertex;
 WORD nMaxSkinWeightsPerFace;
 WORD nBones;
}

template SkinWeights {
 <6f0d123b-bad2-4167-a0d0-80224f25fabb>
 STRING transformNodeName;
 DWORD nWeights;
 array DWORD vertexIndices[nWeights];
 array FLOAT weights[nWeights];
 Matrix4x4 matrixOffset;
}

template AnimTicksPerSecond {
 <9e415a43-7ba6-4a73-8743-b73d47e88476>
 DWORD AnimTicksPerSecond;
}

template Animation {
 <3d82ab4f-62da-11cf-ab39-0020af71e433>
 [...]
}

template AnimationSet {
 <3d82ab50-62da-11cf-ab39-0020af71e433>
 [Animation <3d82ab4f-62da-11cf-ab39-0020af71e433>]
}

template FloatKeys {
 <10dd46a9-775b-11cf-8f52-0040333594a3>
 DWORD nValues;
 array FLOAT values[nValues];
}

template TimedFloatKeys {
 <f406b180-7b3b-11cf-8f52-0040333594a3>
 DWORD time;
 FloatKeys tfkeys;
}

template AnimationKey {
 <10dd46a8-775b-11cf-8f52-0040333594a3>
 DWORD keyType;
 DWORD nKeys;
 array TimedFloatKeys keys[nKeys];
}


Material Popori_M_L30_Body_MI {
 1.000000;1.000000;1.000000;1.000000;;
 10.000000;
 0.000000;0.000000;0.000000;;
 0.000000;0.000000;0.000000;;

 TextureFilename {
  "Popori_M_L30_Body_diff.tga";
 }
}

Material material_0 {
 1.000000;1.000000;1.000000;1.000000;;
 10.000000;
 0.000000;0.000000;0.000000;;
 0.000000;0.000000;0.000000;;

 TextureFilename {
  "material_0";
 }
}

Material Popori_M_L30_Hand_MI {
 1.000000;1.000000;1.000000;1.000000;;
 10.000000;
 0.000000;0.000000;0.000000;;
 0.000000;0.000000;0.000000;;

 TextureFilename {
  "Popori_M_L30_Hand_diff.tga";
 }
}

Material Popori_M_L30_Leg_MI {
 1.000000;1.000000;1.000000;1.000000;;
 10.000000;
 0.000000;0.000000;0.000000;;
 0.000000;0.000000;0.000000;;

 TextureFilename {
  "Popori_M_L30_Leg_diff.tga";
 }
}

Frame Dummy_root {
 

 FrameTransformMatrix {
  1.000000,0.000000,0.000000,0.000000,0.000000,1.000000,0.000000,0.000000,0.000000,-0.000000,1.000000,0.000000,0.000001,19.426813,0.000000,1.000000;;
 }

 Frame Bip01 {
  

  FrameTransformMatrix {
   0.992756,-0.028129,0.116805,0.000000,0.019974,0.997318,0.070410,0.000000,-0.118473,-0.067567,0.990656,0.000000,-0.000001,-9.609725,-0.000000,1.000000;;
  }

  Frame Bip01-Pelvis {
   

   FrameTransformMatrix {
    0.000000,1.000000,-0.000001,0.000000,-0.000001,0.000001,1.000000,0.000000,1.000000,-0.000000,0.000001,0.000000,0.000000,0.000000,0.000000,1.000000;;
   }

   Frame Bip01-Spine {
    

    FrameTransformMatrix {
     0.999136,0.000000,0.041557,0.000000,-0.000000,1.000000,0.000000,0.000000,-0.041557,-0.000000,0.999136,0.000000,2.794570,0.000004,-0.000224,1.000000;;
    }

    Frame Bip01-Spine1 {
     

     FrameTransformMatrix {
      0.983265,-0.004617,-0.182124,0.000000,0.019069,0.996796,0.077684,0.000000,0.181182,-0.079857,0.980202,0.000000,0.282280,0.000000,-0.002525,1.000000;;
     }

     Frame Bip01-Spine2 {
      

      FrameTransformMatrix {
       0.991410,-0.041428,-0.124053,0.000000,0.044564,0.998751,0.022607,0.000000,0.122961,-0.027941,0.992018,0.000000,3.176490,-0.000000,-0.001946,1.000000;;
      }

      Frame Bip01-Spine3 {
       

       FrameTransformMatrix {
        0.996098,-0.079481,-0.038366,0.000000,0.080627,0.996314,0.029300,0.000000,0.035896,-0.032279,0.998834,0.000000,2.444572,0.000000,-0.004982,1.000000;;
       }

       Frame Bip01-Neck {
        

        FrameTransformMatrix {
         0.968928,-0.000147,0.247345,0.000000,-0.031453,0.991808,0.123803,0.000000,-0.245337,-0.127736,0.960986,0.000000,6.613722,-0.000000,-0.816857,1.000000;;
        }

        Frame Bip01-Head {
         

         FrameTransformMatrix {
          0.991492,0.092672,-0.091413,0.000000,-0.104211,0.985915,-0.130816,0.000000,0.078003,0.139229,0.987183,0.000000,2.462336,0.000000,0.000000,1.000000;;
         }

         Frame Bip01-HeadNub {
          

          FrameTransformMatrix {
           1.000000,0.000000,-0.000000,0.000000,-0.000000,1.000000,0.000000,0.000000,0.000000,0.000000,1.000000,0.000000,6.279703,-0.000000,0.000001,1.000000;;
          }
         }

         Frame FxTop {
          

          FrameTransformMatrix {
           -0.108153,-0.014535,0.994028,0.000000,0.993847,-0.025631,0.107759,0.000000,0.023912,0.999566,0.017218,0.000000,6.282034,0.000004,0.298400,1.000000;;
          }
         }
        }

        Frame Bip01-L-Clavicle {
         

         FrameTransformMatrix {
          -0.372702,0.914960,-0.154732,0.000000,0.894396,0.309760,-0.322654,0.000000,-0.247286,-0.258646,-0.933784,0.000000,-1.286614,2.619995,-0.472474,1.000000;;
         }

         Frame Bip01-L-UpperArm {
          

          FrameTransformMatrix {
           0.949600,-0.127991,-0.286143,0.000000,-0.145770,0.627827,-0.764581,0.000000,0.277507,0.767758,0.577527,0.000000,4.049776,0.000000,-0.000000,1.000000;;
          }

          Frame Bip01-L-Forearm {
           

           FrameTransformMatrix {
            0.347357,0.000000,-0.937733,0.000000,0.000000,1.000000,0.000000,0.000000,0.937733,-0.000000,0.347357,0.000000,3.940949,0.000000,0.000000,1.000000;;
           }

           Frame Bip01-L-Hand {
            

            FrameTransformMatrix {
             0.723059,-0.685744,0.083313,0.000000,0.555298,0.648735,0.520372,0.000000,-0.410890,-0.329996,0.849866,0.000000,3.762889,-0.000002,0.000001,1.000000;;
            }

            Frame Bip01-L-Finger0 {
             

             FrameTransformMatrix {
              0.764211,-0.209383,0.610033,0.000000,0.644235,0.292838,-0.706546,0.000000,-0.030702,0.932955,0.358682,0.000000,0.742268,-1.772305,0.318910,1.000000;;
             }

             Frame Bip01-L-Finger01 {
              

              FrameTransformMatrix {
               0.558343,-0.000000,0.829610,0.000000,0.000000,1.000000,0.000000,0.000000,-0.829610,-0.000000,0.558343,0.000000,2.910425,-0.000002,0.000000,1.000000;;
              }

              Frame Bip01-L-Finger0Nub {
               

               FrameTransformMatrix {
                1.000000,0.000000,0.000000,0.000000,0.000000,1.000000,0.000000,0.000000,0.000000,0.000000,1.000000,0.000000,1.868248,0.000002,0.000000,1.000000;;
               }
              }
             }
            }

            Frame Bip01-L-Finger1 {
             

             FrameTransformMatrix {
              0.993959,-0.098408,0.048602,0.000000,0.100813,0.993659,-0.049791,0.000000,-0.043394,0.054389,0.997576,0.000000,3.692680,-1.309264,-0.400384,1.000000;;
             }

             Frame Bip01-L-Finger11 {
              

              FrameTransformMatrix {
               0.771398,0.000000,0.636353,0.000000,-0.000000,1.000000,0.000000,0.000000,-0.636352,0.000000,0.771398,0.000000,1.351535,0.000000,0.000000,1.000000;;
              }

              Frame Bip01-L-Finger1Nub {
               

               FrameTransformMatrix {
                1.000000,0.000000,0.000000,0.000000,0.000000,1.000000,0.000000,0.000000,0.000000,0.000000,1.000000,0.000000,1.629247,-0.000001,0.000002,1.000000;;
               }
              }
             }
            }

            Frame Bip01-L-Finger2 {
             

             FrameTransformMatrix {
              0.934393,0.035816,0.354439,0.000000,-0.102923,0.979646,0.172340,0.000000,-0.341052,-0.197513,0.919060,0.000000,3.749622,0.295793,-0.311482,1.000000;;
             }

             Frame Bip01-L-Finger21 {
              

              FrameTransformMatrix {
               0.771399,0.000000,0.636353,0.000000,0.000000,1.000000,-0.000000,0.000000,-0.636353,0.000000,0.771399,0.000000,1.459623,0.000000,0.000002,1.000000;;
              }

              Frame Bip01-L-Finger2Nub {
               

               FrameTransformMatrix {
                1.000000,0.000000,0.000000,0.000000,0.000000,1.000000,-0.000000,0.000000,0.000000,-0.000000,1.000000,0.000000,1.820347,-0.000001,0.000000,1.000000;;
               }
              }
             }
            }

            Frame Bip01-L-Finger3 {
             

             FrameTransformMatrix {
              0.891957,0.021818,0.451592,0.000000,-0.258114,0.844638,0.469004,0.000000,-0.371199,-0.534893,0.759012,0.000000,3.207570,1.784989,0.266994,1.000000;;
             }

             Frame Bip01-L-Finger31 {
              

              FrameTransformMatrix {
               0.771398,0.000000,0.636353,0.000000,0.000000,1.000000,0.000000,0.000000,-0.636353,-0.000000,0.771398,0.000000,1.474136,0.000000,0.000000,1.000000;;
              }

              Frame Bip01-L-Finger3Nub {
               

               FrameTransformMatrix {
                1.000000,0.000000,0.000000,0.000000,0.000000,1.000000,0.000000,0.000000,0.000000,-0.000000,1.000000,0.000000,1.629250,0.000002,0.000001,1.000000;;
               }
              }
             }
            }

            Frame FxHand00 {
             

             FrameTransformMatrix {
              0.238528,0.806247,-0.541359,0.000000,-0.969801,0.168543,-0.176293,0.000000,-0.050893,0.567061,0.822102,0.000000,0.000000,0.000000,0.000000,1.000000;;
             }
            }

            Frame L_Sword {
             

             FrameTransformMatrix {
              1.000000,-0.000000,0.000000,0.000000,-0.000000,-1.000000,-0.000691,0.000000,0.000000,0.000691,-1.000000,0.000000,0.000000,0.000000,0.000000,1.000000;;
             }
            }
           }

           Frame L_Elbow {
            

            FrameTransformMatrix {
             0.820772,0.000000,0.571256,0.000000,0.000000,1.000000,-0.000000,0.000000,-0.571256,0.000000,0.820772,0.000000,0.000000,-0.000004,0.000000,1.000000;;
            }
           }

           Frame L_Shield {
            

            FrameTransformMatrix {
             1.000000,0.000000,0.000000,0.000000,0.000000,1.000000,-0.000000,0.000000,0.000000,-0.000000,1.000000,0.000000,2.500002,4.000004,-0.000000,1.000000;;
            }
           }

           Frame Bip01-L-ForeTwist {
            

            FrameTransformMatrix {
             1.000000,0.000000,0.000000,0.000000,-0.000000,0.901629,-0.432510,0.000000,0.000000,0.432510,0.901629,0.000000,0.000000,0.000000,0.000000,1.000000;;
            }
           }
          }

          Frame L_Shoulder {
           

           FrameTransformMatrix {
            0.987034,-0.068601,0.145113,0.000000,-0.059339,0.684066,0.727003,0.000000,-0.149140,-0.726187,0.671126,0.000000,0.000001,-0.000002,0.000001,1.000000;;
           }
          }

          Frame L_Shoulder_Twist {
           

           FrameTransformMatrix {
            1.000000,0.000000,-0.000000,0.000000,0.000000,0.895555,0.444951,0.000000,-0.000000,-0.444951,0.895555,0.000000,0.880465,0.000004,0.000001,1.000000;;
           }
          }
         }
        }

        Frame Bip01-R-Clavicle {
         

         FrameTransformMatrix {
          0.083389,-0.991675,-0.098116,0.000000,-0.966236,-0.104550,0.235495,0.000000,-0.243793,0.075165,-0.966910,0.000000,-1.286614,-2.620001,-0.472460,1.000000;;
         }

         Frame Bip01-R-UpperArm {
          

          FrameTransformMatrix {
           0.759323,0.600889,-0.249722,0.000000,-0.006959,0.391244,0.920261,0.000000,0.650677,-0.697037,0.301262,0.000000,4.049776,0.000002,0.000000,1.000000;;
          }

          Frame Bip01-R-Forearm {
           

           FrameTransformMatrix {
            0.487749,0.000000,-0.872984,0.000000,0.000000,1.000000,0.000000,0.000000,0.872984,0.000000,0.487749,0.000000,3.940949,0.000000,-0.000004,1.000000;;
           }

           Frame Bip01-R-Hand {
            

            FrameTransformMatrix {
             0.908305,0.412803,-0.067647,0.000000,-0.412128,0.855408,-0.313732,0.000000,-0.071644,0.312843,0.947099,0.000000,3.762889,0.000001,0.000000,1.000000;;
            }

            Frame Bip01-R-Finger0 {
             

             FrameTransformMatrix {
              0.734008,0.264898,0.625349,0.000000,-0.628155,-0.085229,0.773406,0.000000,0.258172,-0.960502,0.103838,0.000000,0.742271,1.772305,0.318913,1.000000;;
             }

             Frame Bip01-R-Finger01 {
              

              FrameTransformMatrix {
               0.153059,-0.000000,0.988217,0.000000,0.000000,1.000000,0.000000,0.000000,-0.988217,0.000000,0.153059,0.000000,2.910422,0.000000,-0.000001,1.000000;;
              }

              Frame Bip01-R-Finger0Nub {
               

               FrameTransformMatrix {
                -1.000000,0.000000,-0.000690,0.000000,0.000000,1.000000,-0.000000,0.000000,0.000690,0.000000,-1.000000,0.000000,1.868249,0.000000,-0.000002,1.000000;;
               }
              }
             }
            }

            Frame Bip01-R-Finger1 {
             

             FrameTransformMatrix {
              0.993958,0.098408,0.048602,0.000000,-0.100813,0.993659,0.049791,0.000000,-0.043394,-0.054389,0.997576,0.000000,3.692684,1.309264,-0.400382,1.000000;;
             }

             Frame Bip01-R-Finger11 {
              

              FrameTransformMatrix {
               0.771398,0.000000,0.636353,0.000000,0.000000,1.000000,0.000000,0.000000,-0.636353,0.000000,0.771398,0.000000,1.351533,0.000000,-0.000001,1.000000;;
              }

              Frame Bip01-R-Finger1Nub {
               

               FrameTransformMatrix {
                -1.000000,0.000000,0.000691,0.000000,0.000000,1.000000,-0.000000,0.000000,-0.000691,-0.000000,-1.000000,0.000000,1.629248,0.000000,-0.000002,1.000000;;
               }
              }
             }
            }

            Frame Bip01-R-Finger2 {
             

             FrameTransformMatrix {
              0.934393,-0.035816,0.354439,0.000000,0.102923,0.979646,-0.172340,0.000000,-0.341052,0.197513,0.919060,0.000000,3.749626,-0.295792,-0.311483,1.000000;;
             }

             Frame Bip01-R-Finger21 {
              

              FrameTransformMatrix {
               0.771398,-0.000000,0.636353,0.000000,0.000000,1.000000,-0.000000,0.000000,-0.636352,0.000000,0.771398,0.000000,1.459623,0.000001,-0.000001,1.000000;;
              }

              Frame Bip01-R-Finger2Nub {
               

               FrameTransformMatrix {
                -1.000000,-0.000000,0.000691,0.000000,0.000000,1.000000,0.000000,0.000000,-0.000691,0.000000,-1.000000,0.000000,1.820348,0.000001,0.000002,1.000000;;
               }
              }
             }
            }

            Frame Bip01-R-Finger3 {
             

             FrameTransformMatrix {
              0.891958,-0.021818,0.451593,0.000000,0.258114,0.844638,-0.469003,0.000000,-0.371199,0.534894,0.759012,0.000000,3.207571,-1.784990,0.266996,1.000000;;
             }

             Frame Bip01-R-Finger31 {
              

              FrameTransformMatrix {
               0.771398,0.000000,0.636352,0.000000,-0.000000,1.000000,-0.000000,0.000000,-0.636353,0.000000,0.771398,0.000000,1.474139,0.000000,-0.000002,1.000000;;
              }

              Frame Bip01-R-Finger3Nub {
               

               FrameTransformMatrix {
                -1.000000,0.000000,-0.000690,0.000000,0.000000,1.000000,-0.000000,0.000000,0.000690,-0.000000,-1.000000,0.000000,1.629249,-0.000001,0.000003,1.000000;;
               }
              }
             }
            }

            Frame FxHand01 {
             

             FrameTransformMatrix {
              0.260455,-0.888540,-0.377703,0.000000,-0.945014,-0.154481,-0.288245,0.000000,0.197769,0.432009,-0.879918,0.000000,0.000006,0.000001,-0.000001,1.000000;;
             }
            }

            Frame R_Sword {
             

             FrameTransformMatrix {
              0.714712,-0.486017,-0.502965,0.000000,0.386635,-0.324713,0.863178,0.000000,-0.582838,-0.811387,-0.044165,0.000000,0.000000,0.000000,0.000000,1.000000;;
             }
            }
           }

           Frame R_Elbow {
            

            FrameTransformMatrix {
             0.862487,0.000000,0.506080,0.000000,-0.000000,1.000000,-0.000000,0.000000,-0.506080,0.000000,0.862487,0.000000,-0.000002,-0.000002,0.000000,1.000000;;
            }
           }

           Frame Bip01-R-ForeTwist {
            

            FrameTransformMatrix {
             1.000000,0.000000,0.000000,0.000000,0.000000,0.819894,0.572516,0.000000,-0.000000,-0.572515,0.819894,0.000000,0.000000,0.000000,0.000000,1.000000;;
            }
           }
          }

          Frame R_Shoulder {
           

           FrameTransformMatrix {
            0.935415,-0.019381,0.353019,0.000000,0.320196,0.469808,-0.822651,0.000000,-0.149907,0.882556,0.445672,0.000000,-0.000000,-0.000006,-0.000002,1.000000;;
           }
          }

          Frame R_Shoulder_Twist {
           

           FrameTransformMatrix {
            1.000000,-0.000000,0.000000,0.000000,-0.000000,0.811482,-0.584377,0.000000,-0.000000,0.584377,0.811482,0.000000,0.880466,-0.000004,-0.000002,1.000000;;
           }
          }
         }
        }
       }
      }

      Frame Weapon_Back {
       

       FrameTransformMatrix {
        -0.998629,-0.000488,-0.052347,0.000000,0.000488,-1.000000,0.000014,0.000000,-0.052347,-0.000011,0.998629,0.000000,6.110819,-0.000009,-8.038496,1.000000;;
       }
      }

      Frame FxCenter {
       

       FrameTransformMatrix {
        -0.240067,-0.022864,0.970487,0.000000,0.970756,-0.006765,0.239974,0.000000,0.001078,0.999716,0.023819,0.000000,1.191299,0.000000,0.229793,1.000000;;
       }
      }
     }
    }

    Frame Bip01-L-Thigh {
     

     FrameTransformMatrix {
      -0.857007,0.467064,-0.217694,0.000000,-0.514566,-0.798284,0.312993,0.000000,-0.027593,0.380255,0.924470,0.000000,-2.794569,4.048627,0.002439,1.000000;;
     }

     Frame Bip01-L-Calf {
      

      FrameTransformMatrix {
       0.900489,0.000000,-0.434880,0.000000,0.000000,1.000000,0.000000,0.000000,0.434880,-0.000000,0.900489,0.000000,4.390351,0.000000,-0.000000,1.000000;;
      }

      Frame Bip01-L-Foot {
       

       FrameTransformMatrix {
        0.739626,0.474207,0.477579,0.000000,-0.504168,0.860465,-0.073586,0.000000,-0.445835,-0.186353,0.875502,0.000000,3.072954,0.000001,-0.000000,1.000000;;
       }

       Frame Bip01-L-Toe0 {
        

        FrameTransformMatrix {
         0.000066,0.000000,1.000000,0.000000,-0.000000,1.000000,-0.000000,0.000000,-1.000000,0.000000,0.000066,0.000000,2.341335,0.000000,2.654239,1.000000;;
        }

        Frame Bip01-L-Toe0Nub {
         

         FrameTransformMatrix {
          -1.000000,-0.000000,0.000691,0.000000,-0.000000,1.000000,-0.000000,0.000000,-0.000691,-0.000000,-1.000000,0.000000,1.871035,0.000000,0.000000,1.000000;;
         }
        }
       }
      }

      Frame L_Knee {
       

       FrameTransformMatrix {
        0.974815,0.000000,0.223016,0.000000,0.000000,1.000000,0.000000,0.000000,-0.223016,0.000000,0.974815,0.000000,-0.000000,-0.000000,0.000000,1.000000;;
       }
      }

      Frame Bip01-LCalfTwist {
       

       FrameTransformMatrix {
        1.000000,0.000000,-0.000000,0.000000,0.000000,0.999093,-0.042594,0.000000,0.000000,0.042594,0.999092,0.000000,0.000000,0.000000,0.000000,1.000000;;
       }
      }
     }

     Frame L_Thigh {
      

      FrameTransformMatrix {
       0.958462,0.270421,0.090679,0.000000,-0.264349,0.961616,-0.073583,0.000000,-0.107097,0.046556,0.993158,0.000000,0.000000,0.000000,0.000000,1.000000;;
      }
     }
    }

    Frame Bip01-R-Thigh {
     

     FrameTransformMatrix {
      -0.970776,-0.237013,0.037664,0.000000,0.214971,-0.928574,-0.302555,0.000000,0.106683,-0.285616,0.952388,0.000000,-2.794570,-4.048627,0.002461,1.000000;;
     }

     Frame Bip01-R-Calf {
      

      FrameTransformMatrix {
       0.791174,0.000000,-0.611591,0.000000,0.000000,1.000000,-0.000000,0.000000,0.611591,-0.000000,0.791174,0.000000,4.390350,0.000000,0.000000,1.000000;;
      }

      Frame Bip01-R-Foot {
       

       FrameTransformMatrix {
        0.789679,-0.293428,0.538802,0.000000,0.225477,0.955557,0.189926,0.000000,-0.570586,-0.028493,0.820744,0.000000,3.072953,-0.000001,-0.000000,1.000000;;
       }

       Frame Bip01-R-Toe0 {
        

        FrameTransformMatrix {
         0.000066,-0.000000,1.000000,0.000000,0.000000,1.000000,0.000000,0.000000,-1.000000,0.000000,0.000066,0.000000,2.341335,-0.000000,2.654239,1.000000;;
        }

        Frame Bip01-R-Toe0Nub {
         

         FrameTransformMatrix {
          1.000000,0.000000,0.000000,0.000000,-0.000000,1.000000,-0.000000,0.000000,-0.000000,0.000000,1.000000,0.000000,1.871034,0.000000,0.000000,1.000000;;
         }
        }
       }
      }

      Frame R_Knee {
       

       FrameTransformMatrix {
        0.946364,0.000000,0.323103,0.000000,0.000000,1.000000,-0.000000,0.000000,-0.323103,-0.000000,0.946364,0.000000,0.000000,-0.000001,-0.000000,1.000000;;
       }
      }

      Frame Bip01-RCalfTwist {
       

       FrameTransformMatrix {
        1.000000,-0.000000,-0.000000,0.000000,0.000000,0.995190,0.097968,0.000000,-0.000000,-0.097968,0.995190,0.000000,0.000000,0.000000,0.000000,1.000000;;
       }
      }
     }

     Frame R_Thigh {
      

      FrameTransformMatrix {
       0.993755,-0.110680,0.014172,0.000000,0.110142,0.993322,0.034340,0.000000,-0.017878,-0.032565,0.999309,0.000000,0.000004,0.000001,0.000001,1.000000;;
      }
     }
    }

    Frame Skirt_Dummy {
     

     FrameTransformMatrix {
      -1.000000,-0.000488,0.000796,0.000000,0.000488,-1.000000,-0.000002,0.000000,0.000796,-0.000002,1.000000,0.000000,-0.782763,0.000000,0.001093,1.000000;;
     }
    }
   }
  }
 }

 Frame FxBottom {
  

  FrameTransformMatrix {
   1.000000,0.000000,0.000000,0.000000,0.000000,1.000000,0.000000,0.000000,0.000000,0.000000,1.000000,0.000000,0.752321,-18.224083,-0.000000,1.000000;;
  }
 }
}

Frame Popori_M_L30_Body_Skel {
 

 FrameTransformMatrix {
  1.000000,0.000000,0.000000,0.000000,0.000000,1.000000,0.000000,0.000000,0.000000,0.000000,1.000000,0.000000,0.000000,0.000000,0.000000,1.000000;;
 }

 Mesh Popori_M_L30_Body_Skel {
  5082;
  -6.472558;22.692218;3.377721;,
  -5.349178;24.449613;5.342804;,
  -5.607444;24.045587;4.891028;,
  7.776693;17.214645;1.395794;,
  7.612802;16.928795;1.270057;,
  7.513760;17.257766;1.603428;,
  7.846902;16.990272;1.178128;,
  7.911942;16.751154;0.918541;,
  7.692811;16.661461;0.976980;,
  7.953022;16.624848;1.565134;,
  7.845245;16.982150;1.926075;,
  8.026356;16.371155;1.293923;,
  7.980242;16.531085;0.579660;,
  7.767623;16.451098;0.566515;,
  8.006590;16.438925;0.261415;,
  7.767407;16.353357;0.282292;,
  8.018146;16.402538;-0.028535;,
  8.093867;16.142038;0.999888;,
  7.951206;15.783813;0.661940;,
  8.155985;15.936578;0.572722;,
  7.889064;15.989358;1.089063;,
  7.808078;16.255917;1.450684;,
  7.736494;16.502379;1.722075;,
  7.593227;16.988270;2.220037;,
  7.971930;15.702506;-0.350494;,
  8.184463;15.834139;-0.018431;,
  7.982248;15.671373;-0.014076;,
  7.979178;15.695328;0.305323;,
  8.174194;15.856925;0.270971;,
  7.869068;16.012989;-1.190401;,
  8.137947;15.983709;-0.721241;,
  7.924721;15.824880;-0.767298;,
  8.169221;15.866472;-0.330827;,
  8.004425;16.431067;-0.332562;,
  7.983209;16.521022;-0.662664;,
  7.786567;16.332550;-0.025965;,
  7.770148;16.353850;-0.326201;,
  7.746981;16.466808;-0.749886;,
  7.689328;16.691166;-1.142670;,
  7.892873;16.805309;-1.114351;,
  7.835399;17.032829;-1.374215;,
  7.930476;16.677448;-1.761263;,
  7.779771;17.204206;-1.504506;,
  7.622508;16.917843;-1.400089;,
  7.517197;17.246110;-1.714511;,
  7.598346;16.970904;-2.314147;,
  7.849798;16.966710;-2.020099;,
  7.735022;16.509152;-1.863821;,
  8.007534;16.430677;-1.480001;,
  8.085120;16.166952;-1.105048;,
  7.798622;16.249034;-1.559335;,
  7.136950;18.970958;0.713379;,
  6.981982;18.483539;0.691432;,
  6.979191;18.742723;0.951195;,
  7.206242;18.568304;1.082877;,
  7.381788;18.690944;1.223727;,
  7.172220;19.443413;1.562461;,
  7.254405;19.171021;0.777619;,
  7.242742;19.273747;0.594071;,
  7.130639;18.990389;0.614710;,
  7.096681;19.115230;0.169307;,
  7.201388;19.379966;0.297817;,
  6.863362;19.129674;-0.032192;,
  6.991012;20.070667;-0.042212;,
  7.192113;19.359418;-0.384075;,
  6.895086;18.764141;-0.038511;,
  7.098378;19.108986;-0.255803;,
  7.242742;19.240501;-0.684320;,
  7.114934;19.031526;-0.702169;,
  7.169412;18.847854;-0.815198;,
  7.264069;19.131942;-0.862712;,
  6.980559;18.743904;-1.024573;,
  7.147933;19.509475;-1.717044;,
  7.394662;18.656946;-1.298701;,
  7.239744;18.589306;-1.062369;,
  7.456426;18.465216;-1.386749;,
  6.985696;18.476098;-0.773746;,
  7.265366;18.314170;-1.214230;,
  7.407978;17.970901;-1.286696;,
  7.536994;18.244602;-1.435613;,
  7.262134;17.784371;-1.418651;,
  7.621982;17.871888;-2.293131;,
  7.702311;17.475104;-1.460283;,
  7.496998;17.643693;-1.280899;,
  7.829959;17.056918;-1.289045;,
  7.633466;17.142110;-1.152414;,
  7.679055;16.974565;-0.992239;,
  7.200737;17.761120;-1.057610;,
  8.064547;16.301733;-1.651176;,
  7.961919;16.616669;-0.878225;,
  7.987742;16.470446;-0.639553;,
  7.768226;16.646845;-0.678938;,
  7.801902;16.523085;-0.237376;,
  8.021721;16.353328;-0.343950;,
  7.658971;16.383766;-0.024823;,
  8.237837;15.634986;-0.014803;,
  8.018197;16.366259;0.325722;,
  7.799040;16.533610;0.210697;,
  7.501134;16.714987;-0.018504;,
  7.976884;16.461130;0.573158;,
  7.768226;16.646845;0.614710;,
  7.766360;16.700394;0.724814;,
  7.975710;16.589493;0.776083;,
  7.541772;16.787603;0.917009;,
  8.059458;16.294960;1.542445;,
  7.847520;17.056485;1.213496;,
  7.677710;17.045910;1.062733;,
  7.755798;17.289109;1.350391;,
  7.633467;17.142110;1.088185;,
  7.504694;17.615418;1.209427;,
  7.699261;17.559597;1.425829;,
  7.410523;17.021098;0.666182;,
  7.260198;17.778883;1.300448;,
  7.195483;17.767824;0.939407;,
  7.614786;17.885738;2.174928;,
  7.521347;18.213562;1.404048;,
  7.389170;18.040034;1.204758;,
  7.452026;18.456027;1.334346;,
  7.317774;18.318848;1.162502;,
  8.201251;17.214832;-0.973613;,
  8.236741;17.295702;-0.690253;,
  8.269659;17.118778;-0.889504;,
  8.257452;17.034349;-0.781928;,
  7.702311;17.475104;-1.460283;,
  8.160368;17.479658;-1.132181;,
  7.829959;17.056918;-1.289045;,
  8.064547;16.301733;-1.651176;,
  7.961919;16.616669;-0.878225;,
  8.340709;16.840835;-0.519462;,
  8.287666;17.091677;-0.444138;,
  8.356056;17.273475;-0.436816;,
  8.387810;17.157109;-0.025225;,
  8.271450;17.329349;0.351948;,
  8.356056;17.273474;0.386365;,
  8.324995;16.973461;-0.004917;,
  8.374489;16.735662;-0.153027;,
  7.987742;16.470446;-0.639553;,
  8.299904;17.224762;-0.023422;,
  8.386235;17.759685;0.293489;,
  8.193958;17.614187;0.625926;,
  8.266555;18.199589;0.408827;,
  8.088418;18.002109;0.725922;,
  7.982881;18.390030;0.625925;,
  8.152778;18.019706;0.795358;,
  8.035881;18.449682;0.686161;,
  8.271450;17.329349;-0.398792;,
  8.418303;17.641814;-0.136956;,
  8.426329;18.110480;-0.021618;,
  8.178944;18.521622;0.093719;,
  7.905386;18.674866;0.351948;,
  8.211011;18.403749;-0.336726;,
  7.876932;18.779453;-0.023422;,
  8.330691;17.963845;-0.452064;,
  8.193958;17.614187;-0.672769;,
  8.269830;17.589771;-0.736612;,
  8.185820;17.481837;-0.868557;,
  8.075959;18.003078;-1.025402;,
  8.152778;18.019706;-0.845808;,
  8.088418;18.002109;-0.772766;,
  7.982881;18.390030;-0.672769;,
  7.949979;18.766066;-0.436816;,
  7.771206;19.008992;-0.025225;,
  7.918401;18.882480;-0.025225;,
  7.905386;18.674866;-0.398792;,
  8.035881;18.449680;-0.736612;,
  7.933117;18.418538;-0.916741;,
  7.975546;18.104557;-1.224545;,
  7.859218;18.453434;-1.163464;,
  7.864854;18.662496;-0.713190;,
  7.831548;18.729874;-0.995270;,
  7.394662;18.656946;-1.298701;,
  7.456426;18.465216;-1.386749;,
  7.536994;18.244602;-1.435613;,
  8.040630;17.976307;-1.229792;,
  8.034574;17.873998;-1.224984;,
  7.621982;17.871888;-2.293131;,
  7.264069;19.131942;-0.862712;,
  7.800218;18.843952;-0.905788;,
  7.147933;19.509475;-1.717044;,
  7.681866;19.255314;-0.030045;,
  7.201388;19.379966;0.297817;,
  7.696006;19.236598;0.118729;,
  7.695870;19.237102;-0.166907;,
  7.729838;19.115674;-0.559880;,
  7.242742;19.240501;-0.684320;,
  7.774385;18.947358;-0.799934;,
  7.807974;18.872736;-0.511950;,
  7.949979;18.766067;0.386365;,
  7.807974;18.872734;0.461499;,
  7.861142;18.676214;0.649610;,
  7.731659;19.112061;0.512583;,
  7.452026;18.456027;1.334346;,
  7.982544;18.125891;1.170149;,
  7.893206;18.505390;1.069048;,
  7.381788;18.690944;1.223727;,
  7.821122;18.775680;0.910561;,
  7.794663;18.866040;0.837682;,
  7.773531;18.952202;0.741626;,
  7.242742;19.273747;0.594071;,
  7.172220;19.443413;1.562461;,
  7.254405;19.171021;0.777619;,
  8.047049;17.990942;0.948733;,
  7.925928;18.445107;0.844437;,
  8.035323;17.993349;1.176136;,
  8.040502;17.854696;1.188975;,
  8.151874;17.571195;0.843054;,
  8.269830;17.589771;0.686161;,
  8.236741;17.295701;0.639803;,
  8.119847;17.540019;1.112091;,
  7.699261;17.559597;1.425829;,
  7.614786;17.885738;2.174928;,
  7.521347;18.213562;1.404048;,
  7.847520;17.056485;1.213496;,
  7.755798;17.289109;1.350391;,
  7.975710;16.589493;0.776083;,
  8.275212;17.097946;0.823118;,
  8.059458;16.294960;1.542445;,
  8.199226;17.209923;0.915341;,
  8.253318;17.011966;0.718639;,
  8.287665;17.091675;0.393688;,
  8.330227;16.852630;0.467348;,
  8.021721;16.353328;-0.343950;,
  8.374314;16.733544;-0.012289;,
  8.374466;16.740379;0.122477;,
  8.018197;16.366259;0.325722;,
  7.976884;16.461130;0.573158;,
  8.237837;15.634986;-0.014803;,
  6.991012;20.070667;-0.042212;,
  7.192113;19.359418;-0.384075;,
  -2.277710;24.000610;-11.823295;,
  -2.252526;23.982914;-11.401133;,
  -2.289615;24.249470;-11.741676;,
  -2.221103;23.896186;-11.532778;,
  -2.237480;23.679218;-11.900194;,
  -1.963665;23.981144;-11.678131;,
  -1.847827;24.114790;-11.625586;,
  -1.707186;24.220155;-11.540358;,
  -1.708579;24.362125;-11.389063;,
  -2.191142;24.212685;-11.124970;,
  -2.020846;24.524584;-11.211394;,
  -2.218979;24.425382;-11.571070;,
  -2.004183;24.410203;-10.943554;,
  -1.689928;24.515016;-10.690066;,
  -1.718929;24.498941;-11.101481;,
  -2.265934;24.043598;-11.236258;,
  -1.951349;25.094280;-10.926862;,
  -1.588704;24.692357;-10.733138;,
  -1.848314;24.733221;-10.855915;,
  -1.625959;24.261782;-10.634749;,
  -1.819473;24.652216;-10.596820;,
  -1.911712;24.969379;-10.518229;,
  -1.981781;25.379435;-10.922406;,
  -1.965840;25.160792;-10.489614;,
  -1.921828;25.321202;-10.483580;,
  -1.861230;25.526115;-10.480638;,
  -1.934064;25.651352;-10.803922;,
  -1.683806;26.245986;-10.314852;,
  -1.652693;25.567006;-10.603703;,
  -1.595588;25.384669;-10.676351;,
  -1.517940;25.242605;-10.755070;,
  -1.524866;25.037453;-10.749097;,
  0.238720;25.094278;-10.926862;,
  -0.123925;24.692357;-10.733139;,
  -0.187762;25.037451;-10.749097;,
  0.135685;24.733221;-10.855916;,
  -0.086670;24.261784;-10.634749;,
  0.106844;24.652216;-10.596818;,
  0.199083;24.969379;-10.518230;,
  0.269153;25.379435;-10.922406;,
  0.253211;25.160789;-10.489614;,
  0.209200;25.321200;-10.483581;,
  0.148601;25.526114;-10.480637;,
  0.221435;25.651352;-10.803922;,
  -0.028823;26.245986;-10.314851;,
  -0.059936;25.567005;-10.603702;,
  -0.117041;25.384667;-10.676350;,
  -0.194688;25.242603;-10.755070;,
  1.586487;23.458459;-10.904970;,
  1.141071;24.039691;-10.561083;,
  1.405717;23.979158;-10.347408;,
  1.447373;23.480195;-11.033178;,
  0.230226;24.242325;-11.290651;,
  0.509510;23.697546;-11.850084;,
  2.074070;23.627226;-9.949043;,
  1.823719;24.100315;-9.606214;,
  1.167714;22.904840;-10.646454;,
  0.211988;23.052925;-11.386574;,
  -0.853140;24.061968;-12.876003;,
  -0.853140;24.431654;-12.014408;,
  -0.853140;24.110971;-11.707905;,
  -0.853140;23.262104;-12.112410;,
  0.032650;23.927090;-11.083802;,
  0.921026;23.743427;-10.348286;,
  1.154914;23.674802;-10.124649;,
  1.623894;23.860117;-9.328384;,
  2.849290;22.590558;-7.814143;,
  2.695408;23.693813;-8.280209;,
  2.333994;23.498808;-8.175257;,
  2.190565;23.666664;-8.362499;,
  2.562515;23.877290;-8.439495;,
  2.004509;23.770819;-8.636871;,
  2.325640;24.040046;-8.786648;,
  1.808790;23.822406;-8.975883;,
  2.079330;24.103683;-9.160602;,
  1.766013;23.306258;-9.752254;,
  2.016624;23.344131;-9.313762;,
  2.338754;23.628797;-9.439013;,
  2.538774;23.544829;-9.067046;,
  2.714523;23.419238;-8.748747;,
  2.862822;23.249610;-8.476736;,
  2.249904;23.278437;-8.909405;,
  2.390199;23.159448;-8.691818;,
  2.530495;23.040462;-8.474230;,
  3.203264;22.792126;-7.917317;,
  0.135198;24.114790;-11.625586;,
  -0.005443;24.220155;-11.540358;,
  0.576986;24.249470;-11.741676;,
  -0.004049;24.362125;-11.389063;,
  0.506350;24.425382;-11.571070;,
  0.308217;24.524584;-11.211394;,
  0.006300;24.498941;-11.101481;,
  -0.022700;24.515016;-10.690066;,
  0.291554;24.410203;-10.943554;,
  0.478513;24.212685;-11.124970;,
  0.553305;24.043598;-11.236258;,
  0.539898;23.982914;-11.401133;,
  0.565081;24.000610;-11.823295;,
  0.508474;23.896186;-11.532778;,
  0.524851;23.679218;-11.900194;,
  0.251036;23.981144;-11.678131;,
  -3.780350;23.627226;-9.949043;,
  -2.873994;22.904840;-10.646454;,
  -3.472293;23.306258;-9.752254;,
  -3.722904;23.344131;-9.313762;,
  -4.096478;23.159448;-8.691816;,
  -4.245054;23.544829;-9.067046;,
  -3.956184;23.278437;-8.909405;,
  -4.045033;23.628797;-9.439013;,
  -3.529999;24.100315;-9.606214;,
  -4.031919;24.040046;-8.786648;,
  -3.515070;23.822406;-8.975883;,
  -3.785610;24.103683;-9.160602;,
  -3.330174;23.860117;-9.328384;,
  -3.111997;23.979158;-10.347408;,
  -3.292767;23.458459;-10.904970;,
  -3.153653;23.480195;-11.033178;,
  -1.918268;23.052925;-11.386574;,
  -2.215790;23.697546;-11.850084;,
  -1.936506;24.242325;-11.290651;,
  -2.847351;24.039691;-10.561083;,
  -0.853140;24.061968;-12.876003;,
  -0.853140;24.431654;-12.014408;,
  -0.853140;24.110971;-11.707905;,
  -1.738930;23.927090;-11.083802;,
  -2.627306;23.743427;-10.348286;,
  -2.861194;23.674802;-10.124649;,
  -0.853140;23.262104;-12.112410;,
  -4.420802;23.419238;-8.748747;,
  -4.236774;23.040462;-8.474230;,
  -4.569101;23.249610;-8.476736;,
  -4.401687;23.693813;-8.280209;,
  -4.268794;23.877290;-8.439495;,
  -4.555570;22.590558;-7.814143;,
  -4.909544;22.792126;-7.917317;,
  -4.040274;23.498808;-8.175257;,
  -3.896845;23.666664;-8.362499;,
  -3.710789;23.770819;-8.636871;,
  0.871189;24.863739;-9.995670;,
  1.405934;25.314514;-9.173783;,
  1.438276;24.714069;-9.386782;,
  2.521076;24.306536;-8.130319;,
  1.988144;24.400339;-8.349304;,
  2.085940;24.446971;-8.469135;,
  2.362921;24.281250;-7.993618;,
  2.496872;23.974078;-7.713314;,
  2.519217;24.576861;-8.115353;,
  2.164009;24.800651;-8.459558;,
  2.173691;25.102368;-8.352881;,
  1.851719;24.511053;-8.849687;,
  1.304381;24.663675;-9.290254;,
  0.668999;24.786779;-9.786652;,
  0.311852;24.865459;-10.176350;,
  1.738040;24.472344;-8.747263;,
  -0.896376;25.673019;-10.984437;,
  -0.414974;25.145493;-10.912350;,
  -0.896376;25.176563;-11.093386;,
  -0.896376;25.106861;-10.917589;,
  -0.460563;25.092192;-10.742565;,
  -0.001345;25.048378;-10.619449;,
  -0.071832;24.987779;-10.450094;,
  0.461296;24.938718;-10.355542;,
  0.850552;25.557994;-9.891342;,
  0.485543;25.488184;-10.220866;,
  1.346154;25.968309;-9.022131;,
  0.756170;26.479062;-9.585132;,
  0.396113;26.505592;-9.976421;,
  0.034211;25.532264;-10.539902;,
  -0.396914;25.565214;-10.796667;,
  0.648799;28.193478;-8.593894;,
  0.527331;27.491910;-9.168575;,
  0.334750;28.631507;-8.604594;,
  0.175553;27.620262;-9.424294;,
  0.055572;26.458310;-10.339107;,
  -0.342687;26.425904;-10.692215;,
  -0.377375;29.472608;-9.080912;,
  -0.896376;29.655744;-9.217334;,
  -0.896376;29.794781;-9.316391;,
  -0.477157;29.368864;-8.979292;,
  0.071715;29.121421;-8.859449;,
  -0.035028;29.019683;-8.764734;,
  0.469194;28.733507;-8.704193;,
  -0.317338;27.760691;-9.818695;,
  -0.896376;27.956358;-10.112751;,
  -0.896376;26.464059;-10.950453;,
  -0.896376;30.040605;-8.955509;,
  -0.337160;29.707734;-8.828308;,
  -0.896376;30.071763;-9.077202;,
  0.147128;29.323309;-8.589067;,
  0.576582;28.894576;-8.423910;,
  0.752817;28.323491;-8.691349;,
  -0.402993;29.682355;-8.705010;,
  0.115752;29.263702;-8.446314;,
  0.537563;28.869990;-8.306145;,
  0.946164;28.318518;-8.417307;,
  0.988660;27.821562;-8.771174;,
  0.860271;27.750035;-8.667418;,
  1.635281;27.242560;-8.209186;,
  1.666954;26.153664;-8.902986;,
  1.379362;27.210032;-8.629281;,
  1.401373;26.427672;-9.096918;,
  1.187856;27.222829;-8.901312;,
  1.285836;26.335728;-8.995789;,
  1.066300;27.202352;-8.796550;,
  1.161885;27.834739;-8.523058;,
  1.377706;27.862349;-8.140036;,
  1.164720;28.336211;-8.096254;,
  0.946509;28.807994;-7.988798;,
  -0.319748;30.788851;-7.748598;,
  0.424975;30.286925;-7.466827;,
  0.268234;30.045430;-7.650375;,
  0.739182;29.238067;-7.855503;,
  1.318497;28.736275;-7.577506;,
  1.465785;28.397533;-7.629305;,
  1.649066;28.038787;-7.614917;,
  2.136921;27.340627;-7.373600;,
  2.039863;26.181414;-8.240751;,
  1.858687;26.681032;-8.243495;,
  2.221201;26.774542;-7.583991;,
  2.399738;26.804416;-7.278831;,
  2.331281;27.337574;-7.067010;,
  1.817492;28.098000;-7.321950;,
  1.638692;28.435741;-7.331962;,
  2.582113;25.716229;-6.728728;,
  2.708425;25.915952;-7.252410;,
  2.406920;25.901890;-6.883358;,
  2.569897;26.148642;-7.340080;,
  2.635081;25.783910;-7.489190;,
  2.426491;26.153021;-7.616884;,
  2.435597;26.607146;-7.325045;,
  2.500337;26.361688;-7.350066;,
  2.281731;26.092981;-6.960247;,
  2.203472;26.302027;-6.962939;,
  2.145127;26.510845;-6.933962;,
  2.109012;26.696851;-6.882798;,
  2.074889;27.018227;-6.740594;,
  2.059310;27.138451;-6.687110;,
  1.567972;27.931594;-6.922146;,
  1.399266;28.237501;-6.933692;,
  1.499380;28.801072;-7.279832;,
  1.273913;28.546390;-6.878957;,
  1.397827;29.139667;-7.175747;,
  1.167965;28.865974;-6.768204;,
  1.208192;29.850307;-6.905422;,
  0.985674;29.474448;-6.493527;,
  1.199890;29.170915;-7.421762;,
  1.042457;29.681277;-7.259885;,
  0.512954;30.521123;-7.188749;,
  -0.249662;30.884627;-7.780082;,
  0.328482;30.047818;-6.768166;,
  -0.204089;31.181626;-7.510765;,
  -0.896376;31.744365;-7.783067;,
  -0.896376;31.387917;-8.061163;,
  -0.896376;31.209008;-8.020466;,
  -0.896376;31.061574;-7.323299;,
  -0.342474;30.621974;-7.081332;,
  -1.826963;25.532264;-10.539902;,
  -2.188865;26.505592;-9.976421;,
  -1.848324;26.458307;-10.339106;,
  -2.278295;25.488184;-10.220866;,
  -2.643305;25.557995;-9.891340;,
  -3.198686;25.314514;-9.173784;,
