xof 0303txt 0032
template ColorRGBA {
 <35ff44e0-6c7c-11cf-8f52-0040333594a3>
 FLOAT red;
 FLOAT green;
 FLOAT blue;
 FLOAT alpha;
}

template ColorRGB {
 <d3e16e81-7835-11cf-8f52-0040333594a3>
 FLOAT red;
 FLOAT green;
 FLOAT blue;
}

template Material {
 <3d82ab4d-62da-11cf-ab39-0020af71e433>
 ColorRGBA faceColor;
 FLOAT power;
 ColorRGB specularColor;
 ColorRGB emissiveColor;
 [...]
}

template TextureFilename {
 <a42790e1-7810-11cf-8f52-0040333594a3>
 STRING filename;
}

template Frame {
 <3d82ab46-62da-11cf-ab39-0020af71e433>
 [...]
}

template Matrix4x4 {
 <f6f23f45-7686-11cf-8f52-0040333594a3>
 array FLOAT matrix[16];
}

template FrameTransformMatrix {
 <f6f23f41-7686-11cf-8f52-0040333594a3>
 Matrix4x4 frameMatrix;
}

template Vector {
 <3d82ab5e-62da-11cf-ab39-0020af71e433>
 FLOAT x;
 FLOAT y;
 FLOAT z;
}

template MeshFace {
 <3d82ab5f-62da-11cf-ab39-0020af71e433>
 DWORD nFaceVertexIndices;
 array DWORD faceVertexIndices[nFaceVertexIndices];
}

template Mesh {
 <3d82ab44-62da-11cf-ab39-0020af71e433>
 DWORD nVertices;
 array Vector vertices[nVertices];
 DWORD nFaces;
 array MeshFace faces[nFaces];
 [...]
}

template MeshNormals {
 <f6f23f43-7686-11cf-8f52-0040333594a3>
 DWORD nNormals;
 array Vector normals[nNormals];
 DWORD nFaceNormals;
 array MeshFace faceNormals[nFaceNormals];
}

template MeshMaterialList {
 <f6f23f42-7686-11cf-8f52-0040333594a3>
 DWORD nMaterials;
 DWORD nFaceIndexes;
 array DWORD faceIndexes[nFaceIndexes];
 [Material <3d82ab4d-62da-11cf-ab39-0020af71e433>]
}

template Coords2d {
 <f6f23f44-7686-11cf-8f52-0040333594a3>
 FLOAT u;
 FLOAT v;
}

template MeshTextureCoords {
 <f6f23f40-7686-11cf-8f52-0040333594a3>
 DWORD nTextureCoords;
 array Coords2d textureCoords[nTextureCoords];
}

template XSkinMeshHeader {
 <3cf169ce-ff7c-44ab-93c0-f78f62d172e2>
 WORD nMaxSkinWeightsPerVertex;
 WORD nMaxSkinWeightsPerFace;
 WORD nBones;
}

template SkinWeights {
 <6f0d123b-bad2-4167-a0d0-80224f25fabb>
 STRING transformNodeName;
 DWORD nWeights;
 array DWORD vertexIndices[nWeights];
 array FLOAT weights[nWeights];
 Matrix4x4 matrixOffset;
}

template AnimTicksPerSecond {
 <9e415a43-7ba6-4a73-8743-b73d47e88476>
 DWORD AnimTicksPerSecond;
}

template Animation {
 <3d82ab4f-62da-11cf-ab39-0020af71e433>
 [...]
}

template AnimationSet {
 <3d82ab50-62da-11cf-ab39-0020af71e433>
 [Animation <3d82ab4f-62da-11cf-ab39-0020af71e433>]
}

template FloatKeys {
 <10dd46a9-775b-11cf-8f52-0040333594a3>
 DWORD nValues;
 array FLOAT values[nValues];
}

template TimedFloatKeys {
 <f406b180-7b3b-11cf-8f52-0040333594a3>
 DWORD time;
 FloatKeys tfkeys;
}

template AnimationKey {
 <10dd46a8-775b-11cf-8f52-0040333594a3>
 DWORD keyType;
 DWORD nKeys;
 array TimedFloatKeys keys[nKeys];
}


Material Popori_F_L31_Body_MI {
 1.000000;1.000000;1.000000;1.000000;;
 10.000000;
 0.000000;0.000000;0.000000;;
 0.000000;0.000000;0.000000;;

 TextureFilename {
  "Popori_F_L31_Body_diff.tga";
 }
}

Material material_0 {
 1.000000;1.000000;1.000000;1.000000;;
 10.000000;
 0.000000;0.000000;0.000000;;
 0.000000;0.000000;0.000000;;

 TextureFilename {
  "material_0";
 }
}

Material Popori_F_L31_Hand_MI {
 1.000000;1.000000;1.000000;1.000000;;
 10.000000;
 0.000000;0.000000;0.000000;;
 0.000000;0.000000;0.000000;;

 TextureFilename {
  "Popori_F_L31_Hand_diff.tga";
 }
}

Material Popori_F_L31_Leg_MI {
 1.000000;1.000000;1.000000;1.000000;;
 10.000000;
 0.000000;0.000000;0.000000;;
 0.000000;0.000000;0.000000;;

 TextureFilename {
  "Popori_F_L31_Leg_diff.tga";
 }
}

Frame Dummy_root {
 

 FrameTransformMatrix {
  1.000000,0.000000,0.000000,0.000000,0.000000,1.000000,0.000000,0.000000,0.000000,-0.000000,1.000000,0.000000,0.000001,19.558080,0.000000,1.000000;;
 }

 Frame Bip01 {
  

  FrameTransformMatrix {
   0.911651,-0.410957,0.002728,0.000000,0.406544,0.902792,0.140316,0.000000,-0.060127,-0.126810,0.990103,0.000000,-0.482425,-0.488665,-0.045567,1.000000;;
  }

  Frame Bip01-Pelvis {
   

   FrameTransformMatrix {
    0.000000,1.000000,-0.000001,0.000000,-0.000001,0.000001,1.000000,0.000000,1.000000,-0.000000,0.000001,0.000000,0.000000,0.000000,0.000000,1.000000;;
   }

   Frame Bip01-Spine {
    

    FrameTransformMatrix {
     1.000000,0.000001,0.000796,0.000000,-0.000001,1.000000,0.000004,0.000000,-0.000796,-0.000004,1.000000,0.000000,1.908194,0.000000,0.642225,1.000000;;
    }

    Frame Bip01-Spine1 {
     

     FrameTransformMatrix {
      0.996589,-0.051128,-0.064777,0.000000,0.049681,0.998483,-0.023756,0.000000,0.065893,0.020457,0.997617,0.000000,0.114679,-0.000000,-0.001592,1.000000;;
     }

     Frame Bip01-Spine2 {
      

      FrameTransformMatrix {
       0.991624,-0.052269,-0.118111,0.000000,0.057870,0.997332,0.044501,0.000000,0.115470,-0.050963,0.992003,0.000000,2.001966,0.000000,-0.000798,1.000000;;
      }

      Frame Bip01-Spine3 {
       

       FrameTransformMatrix {
        0.981568,-0.053615,-0.183440,0.000000,0.049702,0.998429,-0.025867,0.000000,0.184539,0.016273,0.982690,0.000000,1.001776,-0.000000,-0.002837,1.000000;;
       }

       Frame Bip01-Neck {
        

        FrameTransformMatrix {
         0.992810,0.000000,0.119699,0.000000,-0.000000,1.000000,-0.000000,0.000000,-0.119699,-0.000000,0.992810,0.000000,3.900330,-0.000000,-0.625047,1.000000;;
        }

        Frame Bip01-Head {
         

         FrameTransformMatrix {
          0.998715,0.047027,-0.018903,0.000000,-0.046907,0.998876,0.006777,0.000000,0.019201,-0.005882,0.999798,0.000000,2.455551,0.000000,0.000000,1.000000;;
         }

         Frame Bip01-HeadNub {
          

          FrameTransformMatrix {
           1.000000,0.000000,0.000000,0.000000,0.000000,1.000000,0.000000,0.000000,0.000000,0.000000,1.000000,0.000000,3.900396,0.000000,0.000000,1.000000;;
          }
         }

         Frame FxTop {
          

          FrameTransformMatrix {
           0.156913,-0.014220,0.987510,0.000000,0.987204,-0.026495,-0.157246,0.000000,0.028400,0.999548,0.009881,0.000000,3.758928,-0.036366,0.305748,1.000000;;
          }
         }
        }

        Frame Bip01-L-Clavicle {
         

         FrameTransformMatrix {
          -0.118987,0.992791,0.014443,0.000000,0.985558,0.119861,-0.119624,0.000000,-0.120493,0.000001,-0.992714,0.000000,-0.086815,0.544291,0.041148,1.000000;;
         }

         Frame Bip01-L-UpperArm {
          

          FrameTransformMatrix {
           0.545630,-0.835558,0.064272,0.000000,0.827481,0.549306,0.116354,0.000000,-0.132526,-0.010302,0.991126,0.000000,1.475947,0.000006,-0.000000,1.000000;;
          }

          Frame Bip01-L-Forearm {
           

           FrameTransformMatrix {
            0.999832,0.000000,0.018309,0.000000,-0.000000,1.000000,0.000000,0.000000,-0.018309,-0.000000,0.999832,0.000000,4.688210,-0.000002,-0.000000,1.000000;;
           }

           Frame Bip01-L-Hand {
            

            FrameTransformMatrix {
             0.628302,0.666490,-0.401283,0.000000,0.186369,0.371842,0.909395,0.000000,0.755317,-0.646162,0.109416,0.000000,4.107867,-0.000003,0.000000,1.000000;;
            }

            Frame Bip01-L-Finger0 {
             

             FrameTransformMatrix {
              0.848232,-0.446427,0.284967,0.000000,0.223717,-0.185684,-0.956803,0.000000,0.480056,0.875343,-0.057630,0.000000,0.285642,-0.299339,0.326494,1.000000;;
             }

             Frame Bip01-L-Finger01 {
              

              FrameTransformMatrix {
               0.959184,-0.000000,0.282782,0.000000,0.000000,1.000000,0.000000,0.000000,-0.282782,0.000000,0.959184,0.000000,1.038833,0.000002,0.000000,1.000000;;
              }

              Frame Bip01-L-Finger02 {
               

               FrameTransformMatrix {
                0.834197,0.000000,0.551466,0.000000,-0.000000,1.000000,-0.000000,0.000000,-0.551466,0.000000,0.834197,0.000000,0.884448,-0.000004,0.000000,1.000000;;
               }

               Frame Bip01-L-Finger0Nub {
                

                FrameTransformMatrix {
                 1.000000,0.000000,-0.000000,0.000000,-0.000000,1.000000,0.000000,0.000000,0.000000,0.000000,1.000000,0.000000,0.790526,-0.000002,-0.000000,1.000000;;
                }
               }
              }
             }
            }

            Frame Bip01-L-Finger1 {
             

             FrameTransformMatrix {
              0.838465,0.092409,0.537063,0.000000,-0.020502,0.990169,-0.138365,0.000000,-0.544570,0.105003,0.832117,0.000000,2.106618,-0.634790,-0.109812,1.000000;;
             }

             Frame Bip01-L-Finger11 {
              

              FrameTransformMatrix {
               0.209273,0.000000,0.977857,0.000000,0.000000,1.000000,0.000000,0.000000,-0.977857,-0.000000,0.209273,0.000000,0.729257,-0.000000,0.000000,1.000000;;
              }

              Frame Bip01-L-Finger12 {
               

               FrameTransformMatrix {
                0.263483,-0.000000,0.964664,0.000000,-0.000000,1.000000,0.000000,0.000000,-0.964664,-0.000000,0.263483,0.000000,0.462315,0.000000,-0.000001,1.000000;;
               }

               Frame Bip01-L-Finger1Nub {
                

                FrameTransformMatrix {
                 1.000000,0.000000,0.000000,0.000000,0.000000,1.000000,-0.000000,0.000000,0.000000,0.000000,1.000000,0.000000,0.691805,0.000000,0.000000,1.000000;;
                }
               }
              }
             }
            }

            Frame Bip01-L-Finger2 {
             

             FrameTransformMatrix {
              0.372441,0.105235,0.922070,0.000000,-0.086159,0.993180,-0.078549,0.000000,-0.924048,-0.050190,0.378968,0.000000,2.134416,-0.154349,-0.143469,1.000000;;
             }

             Frame Bip01-L-Finger21 {
              

              FrameTransformMatrix {
               -0.143406,0.000000,0.989664,0.000000,-0.000000,1.000000,-0.000000,0.000000,-0.989664,-0.000000,-0.143406,0.000000,0.853100,-0.000000,0.000003,1.000000;;
              }

              Frame Bip01-L-Finger22 {
               

               FrameTransformMatrix {
                0.333252,0.000000,0.942838,0.000000,0.000000,1.000000,-0.000000,0.000000,-0.942838,0.000000,0.333252,0.000000,0.578698,0.000000,0.000000,1.000000;;
               }

               Frame Bip01-L-Finger2Nub {
                

                FrameTransformMatrix {
                 1.000000,-0.000000,-0.000000,0.000000,0.000000,1.000000,0.000000,0.000000,-0.000000,-0.000000,1.000000,0.000000,0.726136,0.000000,0.000001,1.000000;;
                }
               }
              }
             }
            }

            Frame Bip01-L-Finger3 {
             

             FrameTransformMatrix {
              0.118210,0.036316,0.992324,0.000000,-0.152531,0.988135,-0.017993,0.000000,-0.981204,-0.149234,0.122347,0.000000,2.115127,0.321246,-0.155813,1.000000;;
             }

             Frame Bip01-L-Finger31 {
              

              FrameTransformMatrix {
               0.020850,-0.000000,0.999783,0.000000,-0.000000,1.000000,0.000000,0.000000,-0.999783,0.000000,0.020850,0.000000,0.827360,0.000000,-0.000000,1.000000;;
              }

              Frame Bip01-L-Finger32 {
               

               FrameTransformMatrix {
                0.463951,-0.000000,0.885861,0.000000,-0.000000,1.000000,0.000000,0.000000,-0.885861,-0.000000,0.463951,0.000000,0.622404,0.000000,0.000002,1.000000;;
               }

               Frame Bip01-L-Finger3Nub {
                

                FrameTransformMatrix {
                 1.000000,-0.000000,-0.000000,0.000000,0.000000,1.000000,0.000000,0.000000,-0.000000,-0.000000,1.000000,0.000000,0.666086,-0.000000,0.000000,1.000000;;
                }
               }
              }
             }
            }

            Frame Bip01-L-Finger4 {
             

             FrameTransformMatrix {
              0.045731,-0.198678,0.978997,0.000000,-0.045710,0.978580,0.200729,0.000000,-0.997908,-0.053929,0.035670,0.000000,1.960249,0.837305,0.069010,1.000000;;
             }

             Frame Bip01-L-Finger41 {
              

              FrameTransformMatrix {
               0.268845,-0.000000,0.963184,0.000000,-0.000000,1.000000,0.000000,0.000000,-0.963184,-0.000000,0.268845,0.000000,0.575045,-0.000000,0.000000,1.000000;;
              }

              Frame Bip01-L-Finger42 {
               

               FrameTransformMatrix {
                0.189405,0.000000,0.981899,0.000000,0.000000,1.000000,-0.000000,0.000000,-0.981899,0.000000,0.189405,0.000000,0.339844,0.000000,0.000000,1.000000;;
               }

               Frame Bip01-L-Finger4Nub {
                

                FrameTransformMatrix {
                 1.000000,0.000000,-0.000000,0.000000,0.000000,1.000000,0.000000,0.000000,0.000000,-0.000000,1.000000,0.000000,0.577850,-0.000000,-0.000002,1.000000;;
                }
               }
              }
             }
            }

            Frame L_Sword {
             

             FrameTransformMatrix {
              0.956759,-0.000072,0.290882,0.000000,0.000072,-1.000000,-0.000483,0.000000,0.290882,0.000483,-0.956759,0.000000,0.000000,0.000000,0.000000,1.000000;;
             }
            }

            Frame FxHand00 {
             

             FrameTransformMatrix {
              0.628302,0.186369,0.755316,0.000000,0.666489,0.371842,-0.646162,0.000000,-0.401283,0.909396,0.109416,0.000000,-0.100286,0.010304,0.016819,1.000000;;
             }
            }
           }

           Frame L_Elbow {
            

            FrameTransformMatrix {
             0.999958,-0.000000,-0.009155,0.000000,0.000000,1.000000,0.000000,0.000000,0.009155,0.000000,0.999958,0.000000,0.000002,-0.000006,0.000001,1.000000;;
            }
           }

           Frame L_Shield {
            

            FrameTransformMatrix {
             1.000000,-0.000000,0.000000,0.000000,0.000000,1.000000,0.000000,0.000000,0.000000,-0.000000,1.000000,0.000000,2.500004,2.499997,0.000001,1.000000;;
            }
           }

           Frame Bip01-L-ForeTwist {
            

            FrameTransformMatrix {
             1.000000,-0.000000,0.000000,0.000000,0.000000,0.981227,-0.192857,0.000000,0.000000,0.192857,0.981227,0.000000,0.000000,0.000000,0.000000,1.000000;;
            }
           }
          }

          Frame L_Shoulder {
           

           FrameTransformMatrix {
            0.879063,0.470491,-0.076718,0.000000,-0.475402,0.877123,-0.068176,0.000000,0.035215,0.096403,0.994719,0.000000,-0.000004,0.000000,0.000000,1.000000;;
           }
          }

          Frame L_Shoulder_Twist {
           

           FrameTransformMatrix {
            1.000000,-0.000001,0.000000,0.000000,0.000001,0.998299,-0.058296,0.000000,-0.000000,0.058296,0.998300,0.000000,1.400410,-0.000010,-0.000008,1.000000;;
           }
          }
         }
        }

        Frame Bip01-R-Clavicle {
         

         FrameTransformMatrix {
          -0.118987,-0.992791,0.014447,0.000000,-0.985558,0.119861,0.119622,0.000000,-0.120491,-0.000005,-0.992715,0.000000,-0.086817,-0.544293,0.041151,1.000000;;
         }

         Frame Bip01-R-UpperArm {
          

          FrameTransformMatrix {
           0.608387,0.789198,0.083857,0.000000,-0.769716,0.612492,-0.179974,0.000000,-0.193397,0.044948,0.980091,0.000000,1.475947,-0.000002,0.000000,1.000000;;
          }

          Frame Bip01-R-Forearm {
           

           FrameTransformMatrix {
            0.999899,0.000000,-0.014196,0.000000,0.000000,1.000000,-0.000000,0.000000,0.014196,0.000000,0.999899,0.000000,4.688208,0.000001,-0.000000,1.000000;;
           }

           Frame Bip01-R-Hand {
            

            FrameTransformMatrix {
             0.563963,-0.682458,-0.464971,0.000000,-0.224140,0.415416,-0.881584,0.000000,0.794800,0.601399,0.081313,0.000000,4.107868,0.000000,0.000000,1.000000;;
            }

            Frame Bip01-R-Finger0 {
             

             FrameTransformMatrix {
              0.848232,0.446427,0.284967,0.000000,-0.223717,-0.185684,0.956804,0.000000,0.480056,-0.875343,-0.057630,0.000000,0.285641,0.299339,0.326492,1.000000;;
             }

             Frame Bip01-R-Finger01 {
              

              FrameTransformMatrix {
               0.959185,-0.000000,0.282782,0.000000,0.000000,1.000000,-0.000000,0.000000,-0.282782,0.000000,0.959184,0.000000,1.038833,-0.000002,-0.000001,1.000000;;
              }

              Frame Bip01-R-Finger02 {
               

               FrameTransformMatrix {
                0.834197,-0.000000,0.551466,0.000000,0.000000,1.000000,0.000000,0.000000,-0.551466,0.000000,0.834197,0.000000,0.884442,-0.000002,0.000001,1.000000;;
               }

               Frame Bip01-R-Finger0Nub {
                

                FrameTransformMatrix {
                 -1.000000,0.000000,0.000691,0.000000,0.000000,1.000000,-0.000000,0.000000,-0.000691,0.000000,-1.000000,0.000000,0.790523,0.000000,0.000000,1.000000;;
                }
               }
              }
             }
            }

            Frame Bip01-R-Finger1 {
             

             FrameTransformMatrix {
              0.838465,-0.092409,0.537063,0.000000,0.020502,0.990169,0.138365,0.000000,-0.544569,-0.105003,0.832117,0.000000,2.106618,0.634790,-0.109814,1.000000;;
             }

             Frame Bip01-R-Finger11 {
              

              FrameTransformMatrix {
               0.209273,0.000000,0.977858,0.000000,-0.000000,1.000000,0.000000,0.000000,-0.977858,-0.000000,0.209273,0.000000,0.729257,-0.000000,-0.000002,1.000000;;
              }

              Frame Bip01-R-Finger12 {
               

               FrameTransformMatrix {
                0.263483,0.000000,0.964664,0.000000,0.000000,1.000000,-0.000000,0.000000,-0.964664,0.000000,0.263483,0.000000,0.462315,0.000000,0.000000,1.000000;;
               }

               Frame Bip01-R-Finger1Nub {
                

                FrameTransformMatrix {
                 -1.000000,-0.000000,-0.000690,0.000000,-0.000000,1.000000,0.000000,0.000000,0.000690,-0.000000,-1.000000,0.000000,0.691803,0.000000,0.000000,1.000000;;
                }
               }
              }
             }
            }

            Frame Bip01-R-Finger2 {
             

             FrameTransformMatrix {
              0.372441,-0.105234,0.922070,0.000000,0.086159,0.993180,0.078549,0.000000,-0.924048,0.050190,0.378968,0.000000,2.134415,0.154349,-0.143471,1.000000;;
             }

             Frame Bip01-R-Finger21 {
              

              FrameTransformMatrix {
               -0.143406,-0.000000,0.989664,0.000000,0.000000,1.000000,0.000000,0.000000,-0.989664,0.000000,-0.143406,0.000000,0.853098,0.000000,0.000001,1.000000;;
              }

              Frame Bip01-R-Finger22 {
               

               FrameTransformMatrix {
                0.333253,-0.000000,0.942838,0.000000,0.000000,1.000000,0.000000,0.000000,-0.942838,0.000000,0.333252,0.000000,0.578698,0.000000,-0.000002,1.000000;;
               }

               Frame Bip01-R-Finger2Nub {
                

                FrameTransformMatrix {
                 -1.000000,-0.000000,-0.000690,0.000000,-0.000000,1.000000,-0.000000,0.000000,0.000690,-0.000000,-1.000000,0.000000,0.726138,0.000000,-0.000001,1.000000;;
                }
               }
              }
             }
            }

            Frame Bip01-R-Finger3 {
             

             FrameTransformMatrix {
              0.118210,-0.036316,0.992325,0.000000,0.152531,0.988135,0.017993,0.000000,-0.981204,0.149234,0.122347,0.000000,2.115126,-0.321246,-0.155817,1.000000;;
             }

             Frame Bip01-R-Finger31 {
              

              FrameTransformMatrix {
               0.020850,0.000000,0.999783,0.000000,0.000000,1.000000,-0.000000,0.000000,-0.999783,0.000000,0.020850,0.000000,0.827360,0.000000,-0.000004,1.000000;;
              }

              Frame Bip01-R-Finger32 {
               

               FrameTransformMatrix {
                0.463951,-0.000000,0.885861,0.000000,-0.000000,1.000000,0.000000,0.000000,-0.885861,-0.000000,0.463951,0.000000,0.622403,-0.000000,0.000008,1.000000;;
               }

               Frame Bip01-R-Finger3Nub {
                

                FrameTransformMatrix {
                 -1.000000,0.000000,0.000691,0.000000,0.000000,1.000000,-0.000000,0.000000,-0.000691,0.000000,-1.000000,0.000000,0.666088,0.000000,0.000001,1.000000;;
                }
               }
              }
             }
            }

            Frame Bip01-R-Finger4 {
             

             FrameTransformMatrix {
              0.045731,0.198678,0.978998,0.000000,0.045709,0.978580,-0.200729,0.000000,-0.997908,0.053929,0.035670,0.000000,1.960248,-0.837305,0.069008,1.000000;;
             }

             Frame Bip01-R-Finger41 {
              

              FrameTransformMatrix {
               0.268845,0.000000,0.963184,0.000000,-0.000000,1.000000,0.000000,0.000000,-0.963183,-0.000000,0.268845,0.000000,0.575043,0.000000,0.000003,1.000000;;
              }

              Frame Bip01-R-Finger42 {
               

               FrameTransformMatrix {
                0.189405,0.000000,0.981899,0.000000,0.000000,1.000000,-0.000000,0.000000,-0.981899,0.000000,0.189405,0.000000,0.339847,-0.000001,-0.000004,1.000000;;
               }

               Frame Bip01-R-Finger4Nub {
                

                FrameTransformMatrix {
                 -1.000000,-0.000000,-0.000690,0.000000,-0.000000,1.000000,0.000000,0.000000,0.000690,0.000000,-1.000000,0.000000,0.577847,0.000000,0.000000,1.000000;;
                }
               }
              }
             }
            }

            Frame R_Sword {
             

             FrameTransformMatrix {
              1.000000,-0.000000,-0.000000,0.000000,0.000000,1.000000,0.000000,0.000000,0.000000,-0.000000,1.000000,0.000000,0.000000,0.000000,0.000000,1.000000;;
             }
            }

            Frame FxHand01 {
             

             FrameTransformMatrix {
              0.563963,-0.224140,0.794800,0.000000,-0.682457,0.415417,0.601399,0.000000,-0.464971,-0.881584,0.081314,0.000000,-0.100292,-0.010300,0.016811,1.000000;;
             }
            }
           }

           Frame R_Elbow {
            

            FrameTransformMatrix {
             0.999975,-0.000000,0.007098,0.000000,0.000000,1.000000,-0.000000,0.000000,-0.007098,0.000000,0.999975,0.000000,-0.000002,-0.000003,-0.000000,1.000000;;
            }
           }

           Frame Bip01-R-ForeTwist {
            

            FrameTransformMatrix {
             1.000000,-0.000000,0.000000,0.000000,-0.000000,0.975859,0.218403,0.000000,0.000000,-0.218403,0.975859,0.000000,0.000000,0.000000,0.000000,1.000000;;
            }
           }
          }

          Frame R_Shoulder {
           

           FrameTransformMatrix {
            0.896718,-0.429111,-0.108448,0.000000,0.440190,0.890195,0.117412,0.000000,0.046157,-0.153024,0.987144,0.000000,0.000002,0.000000,-0.000001,1.000000;;
           }
          }

          Frame R_Shoulder_Twist {
           

           FrameTransformMatrix {
            1.000000,0.000000,0.000000,0.000000,0.000000,0.995897,0.090489,0.000000,-0.000000,-0.090489,0.995898,0.000000,1.400435,0.000002,-0.000010,1.000000;;
           }
          }
         }
        }
       }
      }

      Frame FxCenter {
       

       FrameTransformMatrix {
        0.239797,0.000562,0.970823,0.000000,0.970280,-0.033591,-0.239643,0.000000,0.032476,0.999436,-0.008600,0.000000,0.509268,-0.036360,0.006086,1.000000;;
       }
      }

      Frame Weapon_Back {
       

       FrameTransformMatrix {
        -0.996413,0.048557,0.069305,0.000000,-0.047039,-0.998620,0.023359,0.000000,0.070343,0.020015,0.997322,0.000000,3.034033,-0.120485,-2.849513,1.000000;;
       }
      }
     }
    }

    Frame Bip01-L-Thigh {
     

     FrameTransformMatrix {
      -0.757291,0.366913,0.540265,0.000000,-0.480470,-0.873320,-0.080374,0.000000,0.442334,-0.320448,0.837648,0.000000,-1.908703,1.659741,-0.640708,1.000000;;
     }

     Frame Bip01-L-Calf {
      

      FrameTransformMatrix {
       0.991618,0.000000,-0.129207,0.000000,0.000000,1.000000,-0.000000,0.000000,0.129207,-0.000000,0.991618,0.000000,8.609471,0.000000,0.000000,1.000000;;
      }

      Frame Bip01-L-Foot {
       

       FrameTransformMatrix {
        0.956660,0.289772,0.028860,0.000000,-0.290861,0.946009,0.143061,0.000000,0.014154,-0.145255,0.989293,0.000000,8.249181,0.000000,0.000000,1.000000;;
       }

       Frame Bip01-L-Toe0 {
        

        FrameTransformMatrix {
         -0.000000,-0.000000,1.000000,0.000000,-0.000000,1.000000,0.000000,0.000000,-1.000000,-0.000000,0.000000,0.000000,2.269856,-0.000000,1.377459,1.000000;;
        }

        Frame Bip01-L-Toe0Nub {
         

         FrameTransformMatrix {
          -1.000000,-0.000000,0.000691,0.000000,-0.000000,1.000000,0.000000,0.000000,-0.000691,0.000000,-1.000000,0.000000,1.253012,0.000000,-0.000000,1.000000;;
         }
        }
       }
      }

      Frame L_Knee {
       

       FrameTransformMatrix {
        0.997902,0.000000,0.064739,0.000000,-0.000000,1.000000,0.000000,0.000000,-0.064739,-0.000000,0.997902,0.000000,-0.000001,-0.000002,-0.000000,1.000000;;
       }
      }

      Frame Bip01-LCalfTwist {
       

       FrameTransformMatrix {
        1.000000,0.000000,-0.000000,0.000000,0.000000,0.997185,0.074974,0.000000,0.000000,-0.074974,0.997186,0.000000,0.000000,0.000000,0.000000,1.000000;;
       }
      }
     }

     Frame L_Thigh {
      

      FrameTransformMatrix {
       0.937203,0.234578,-0.258118,0.000000,-0.188736,0.963419,0.190272,0.000000,0.293309,-0.129608,0.947192,0.000000,0.000000,0.000000,0.000000,1.000000;;
      }
     }
    }

    Frame Bip01-R-Thigh {
     

     FrameTransformMatrix {
      -0.850781,-0.048581,0.523270,0.000000,0.110454,-0.990007,0.087675,0.000000,0.513781,0.132389,0.847645,0.000000,-1.908705,-1.659742,-0.640699,1.000000;;
     }

     Frame Bip01-R-Calf {
      

      FrameTransformMatrix {
       0.994355,0.000000,-0.106108,0.000000,-0.000000,1.000000,0.000000,0.000000,0.106108,-0.000000,0.994355,0.000000,8.609470,-0.000000,-0.000000,1.000000;;
      }

      Frame Bip01-R-Foot {
       

       FrameTransformMatrix {
        0.981932,-0.189141,0.005955,0.000000,0.189234,0.981362,-0.033444,0.000000,0.000482,0.033967,0.999423,0.000000,8.249177,-0.000001,-0.000000,1.000000;;
       }

       Frame Bip01-R-Toe0 {
        

        FrameTransformMatrix {
         -0.000000,-0.000000,1.000000,0.000000,0.000000,1.000000,-0.000000,0.000000,-1.000000,0.000000,0.000000,0.000000,2.269857,0.000000,1.377459,1.000000;;
        }

        Frame Bip01-R-Toe0Nub {
         

         FrameTransformMatrix {
          1.000000,-0.000000,0.000000,0.000000,0.000000,1.000000,0.000000,0.000000,0.000000,-0.000000,1.000000,0.000000,1.253012,0.000000,-0.000000,1.000000;;
         }
        }
       }
      }

      Frame R_Knee {
       

       FrameTransformMatrix {
        0.998588,-0.000000,0.053129,0.000000,0.000000,1.000000,0.000000,0.000000,-0.053129,0.000000,0.998588,0.000000,-0.000002,-0.000001,-0.000000,1.000000;;
       }
      }

      Frame Bip01-RCalfTwist {
       

       FrameTransformMatrix {
        1.000000,0.000000,-0.000000,0.000000,-0.000000,0.999855,-0.017032,0.000000,-0.000000,0.017032,0.999855,0.000000,0.000000,0.000000,0.000000,1.000000;;
       }
      }
     }

     Frame R_Thigh {
      

      FrameTransformMatrix {
       0.962020,-0.040947,-0.269892,0.000000,0.010084,0.993342,-0.114761,0.000000,0.272794,0.107680,0.956027,0.000000,0.000000,0.000000,-0.000000,1.000000;;
      }
     }
    }

    Frame Skirt_Dummy {
     

     FrameTransformMatrix {
      -1.000000,-0.000488,0.000796,0.000000,0.000488,-1.000000,-0.000001,0.000000,0.000796,-0.000001,1.000000,0.000000,-0.782764,-0.000000,0.001093,1.000000;;
     }
    }
   }
  }
 }

 Frame FxBottom {
  

  FrameTransformMatrix {
   1.000000,0.000000,0.000000,0.000000,0.000000,1.000000,0.000000,0.000000,0.000000,-0.000000,1.000000,0.000000,-1.213653,-18.527494,-0.045567,1.000000;;
  }
 }
}

Frame Popori_F_L31_Body_Skel {
 

 FrameTransformMatrix {
  1.000000,0.000000,0.000000,0.000000,0.000000,1.000000,0.000000,0.000000,0.000000,0.000000,1.000000,0.000000,0.000000,0.000000,0.000000,1.000000;;
 }

 Mesh Popori_F_L31_Body_Skel {
  5153;
  2.069953;21.819496;-0.569015;,
  2.206539;22.111950;-0.445994;,
  2.156182;21.961384;-0.564679;,
  1.646613;23.539794;0.777427;,
  1.268694;22.706373;1.473954;,
  1.741169;22.512211;0.825564;,
  1.253625;23.639064;1.371767;,
  0.720920;22.802526;1.732813;,
  1.930867;21.246141;0.632412;,
  2.023398;20.538275;0.154740;,
  2.025142;20.884363;0.082864;,
  2.042332;21.034278;0.000000;,
  1.930800;22.300651;0.000000;,
  1.781978;23.429821;0.000000;,
  1.634714;24.386954;0.000000;,
  1.544871;24.468850;0.746159;,
  1.165618;24.505910;1.398161;,
  2.146009;20.850693;0.000000;,
  2.167739;20.509941;0.083639;,
  2.225159;19.099106;0.313652;,
  2.097740;19.152432;0.359269;,
  2.095402;18.312373;0.493594;,
  1.960523;18.489880;1.202817;,
  2.098870;18.348992;1.188518;,
  1.764691;18.649091;2.039990;,
  1.744670;18.447998;2.035365;,
  2.255682;18.174645;0.455228;,
  1.650963;18.768162;1.993963;,
  1.350369;18.918915;2.720146;,
  1.979049;19.334816;1.030369;,
  -0.277027;19.421610;3.354457;,
  0.646665;19.295032;3.160943;,
  -0.254363;19.572034;3.250721;,
  0.667628;19.154125;3.197796;,
  1.283371;19.013957;2.648952;,
  1.695179;19.514835;1.777271;,
  1.940454;20.592677;0.765898;,
  1.711401;20.762072;1.373049;,
  1.326377;19.745870;2.446283;,
  0.694101;20.017717;2.928375;,
  -0.208453;20.232645;3.005336;,
  -1.016709;20.377472;2.792873;,
  -1.125757;19.363731;3.139608;,
  -2.145064;19.728926;2.328948;,
  -1.844272;20.511227;1.966162;,
  1.659861;21.496136;1.204890;,
  1.315705;21.312298;1.833795;,
  0.750939;21.497746;2.222338;,
  0.003201;21.604565;2.392774;,
  -0.731172;21.592283;2.227751;,
  -1.484865;21.523518;1.661133;,
  -1.014789;22.773658;1.306978;,
  -0.486306;22.865634;1.690809;,
  -2.380705;20.413326;0.998486;,
  -1.890853;21.388541;0.806712;,
  -1.613271;22.010230;0.721808;,
  -1.518174;22.658280;0.636905;,
  -1.337460;22.801810;0.612212;,
  -1.286912;23.691496;0.548909;,
  -2.801679;19.445248;1.165531;,
  -3.035599;18.321594;0.783700;,
  -2.938754;19.349077;-0.000000;,
  -3.192792;18.134707;-0.000000;,
  -2.623400;20.309952;-0.000000;,
  -2.136427;21.279446;-0.000000;,
  -1.754569;21.927984;-0.000000;,
  -1.600469;22.602878;-0.000000;,
  -1.414518;22.818165;-0.000000;,
  -1.370491;23.628117;-0.000000;,
  -1.584771;24.610694;-0.000000;,
  -1.562339;24.662016;0.524515;,
  -1.856514;25.830768;-0.000000;,
  -1.891093;25.840723;0.584748;,
  -2.045512;27.124262;-0.000000;,
  -2.094518;27.119405;0.584101;,
  -1.984786;27.127117;1.180406;,
  -1.694025;25.866462;1.232619;,
  -1.311408;24.724122;1.173515;,
  -1.100663;23.790282;1.196245;,
  -0.536420;23.795315;1.629748;,
  0.139896;22.873670;1.845762;,
  -1.844854;26.911722;2.120574;,
  -1.873883;27.576438;2.242721;,
  -1.747934;27.598445;2.159638;,
  -1.812020;27.092496;1.774678;,
  -1.751736;27.820803;1.755139;,
  -1.261629;26.115461;1.980362;,
  -1.046257;25.526293;1.881380;,
  -0.808268;24.778110;1.737719;,
  -1.423196;27.961018;2.443110;,
  -1.490058;28.107018;2.362653;,
  -1.399183;28.103946;2.232130;,
  -1.373096;28.281395;1.754822;,
  -1.387415;28.470346;1.114910;,
  -1.824098;28.017690;1.060897;,
  -1.902215;28.090621;0.525882;,
  -1.370826;28.578970;0.843245;,
  -0.916234;28.548422;1.132530;,
  -0.901240;28.436678;1.743875;,
  -0.920117;28.270467;2.289880;,
  -0.941426;28.284429;2.439362;,
  -1.419705;29.197427;0.897971;,
  -0.814940;29.199283;1.167334;,
  -1.347864;29.422477;0.846418;,
  -0.871471;29.020566;1.218104;,
  -1.307744;28.987920;0.816577;,
  -0.905472;28.865136;1.034042;,
  -1.201387;29.423600;0.740498;,
  -0.771817;29.237286;0.988660;,
  -1.452926;29.508013;0.383316;,
  -1.619224;29.499498;0.406639;,
  -1.700798;29.262598;0.420311;,
  -1.514898;29.038422;0.376544;,
  -1.605558;28.578390;0.419584;,
  -1.577573;29.053440;-0.000000;,
  -1.772923;29.273178;-0.000000;,
  -1.637223;28.574131;-0.000000;,
  -1.891369;28.090765;-0.000000;,
  -1.143701;29.240154;0.692761;,
  -0.799408;29.135379;0.873713;,
  -1.391600;29.316816;0.385769;,
  -1.459214;29.308045;-0.000000;,
  -1.535740;29.527866;-0.000585;,
  -1.687040;29.519946;-0.000000;,
  -0.063441;26.210494;1.961393;,
  -0.370277;25.569886;1.972668;,
  0.181260;25.671267;1.947335;,
  -0.577479;26.016549;2.022285;,
  -0.123954;24.978886;1.904999;,
  0.105835;23.736715;1.833031;,
  0.000805;24.480094;1.851209;,
  0.613426;25.062792;1.748978;,
  0.559430;25.797227;1.802658;,
  0.397761;26.367522;1.820389;,
  0.089740;26.527464;1.946401;,
  -0.151743;26.378902;1.990979;,
  0.055793;26.652690;2.057390;,
  0.676180;24.493808;1.699232;,
  1.133058;25.133619;1.464611;,
  1.030493;25.923157;1.500461;,
  0.835722;26.458022;1.471487;,
  0.479348;26.773907;1.812031;,
  0.217006;27.004710;1.905268;,
  0.623152;26.885622;1.423522;,
  1.483229;25.244392;0.000000;,
  1.452242;25.212944;0.722298;,
  1.291691;25.907330;0.688852;,
  1.123706;26.405312;0.673131;,
  0.914033;26.901728;0.645862;,
  0.562730;27.562918;0.607227;,
  0.926779;26.856650;0.000000;,
  0.621123;27.468195;0.000000;,
  1.166659;26.332902;0.000000;,
  1.302880;25.871392;0.000000;,
  0.471880;27.940547;0.106552;,
  0.563768;27.808656;0.000000;,
  0.546098;28.040163;0.000000;,
  0.384021;27.885862;0.162527;,
  0.412169;27.913162;0.420833;,
  0.283409;28.008378;0.736362;,
  0.028978;28.364467;0.663331;,
  -0.141460;28.332157;1.023963;,
  -0.195279;28.564166;0.935121;,
  -0.452846;28.455613;1.091381;,
  0.328916;28.432496;0.318394;,
  0.376202;28.317453;0.377520;,
  0.347845;28.165514;0.380275;,
  0.134711;28.415114;0.693354;,
  0.229438;28.138198;0.393867;,
  -0.153728;28.655210;0.988401;,
  0.145565;28.548230;0.681675;,
  -0.152276;28.795043;0.966900;,
  0.092015;28.650941;0.650546;,
  -0.184339;28.885542;0.889479;,
  -0.481373;29.073757;0.977195;,
  -0.456248;29.003328;1.140076;,
  -0.473001;28.854099;1.189582;,
  -0.481366;28.710429;1.057756;,
  -0.916234;28.548422;1.132530;,
  -0.905472;28.865136;1.034042;,
  -0.871471;29.020566;1.218104;,
  -0.814940;29.199283;1.167334;,
  -0.771817;29.237286;0.988660;,
  -0.799408;29.135379;0.873713;,
  -0.920117;28.270467;2.289880;,
  -0.385708;28.268659;2.418169;,
  -0.437471;28.271197;2.265305;,
  -0.901240;28.436678;1.743875;,
  -0.490431;28.402000;1.695369;,
  -0.096192;28.113901;1.583658;,
  0.385693;27.623885;1.380767;,
  0.188894;27.615027;1.805251;,
  -0.096317;27.997072;2.206687;,
  0.178563;27.332925;2.176950;,
  -0.003225;28.035722;2.339539;,
  -0.007213;26.664389;2.195328;,
  0.166709;27.327690;2.363019;,
  -0.070121;27.920662;2.434992;,
  -0.435432;28.114566;2.489502;,
  -0.941426;28.284429;2.439362;,
  -0.934037;28.107955;2.495842;,
  0.051520;27.320771;2.330101;,
  -0.167021;27.856029;2.406135;,
  -0.468473;28.015597;2.430223;,
  -0.912742;28.011754;2.427345;,
  -1.688543;26.969859;2.256076;,
  -1.327504;26.333056;2.190428;,
  -1.305544;26.445250;2.226902;,
  -0.751373;26.214416;2.182216;,
  -0.749249;26.286538;2.197854;,
  -0.248101;26.466341;2.158758;,
  -0.287453;26.557301;2.182720;,
  -0.098368;26.700390;2.202231;,
  -0.189601;26.427022;2.058737;,
  -0.657515;26.096003;2.039366;,
  -0.713877;26.152528;2.089680;,
  -1.323863;26.304701;2.096465;,
  -1.744170;26.942966;2.219704;,
  -1.234063;26.230552;2.023747;,
  -1.752413;27.489418;2.322100;,
  -0.934037;28.107955;2.495842;,
  -0.912742;28.011754;2.427345;,
  -1.345766;27.878691;2.402767;,
  -1.635163;27.467066;2.309727;,
  -2.377195;18.511893;2.463633;,
  -2.980349;18.262622;1.650136;,
  -2.815337;18.157878;1.623212;,
  -3.254317;17.993493;0.759052;,
  -3.074262;17.906406;0.765181;,
  -3.365406;17.802338;-0.000000;,
  -3.421136;17.983856;-0.000000;,
  -3.174831;17.718186;-0.000000;,
  -1.123656;18.989008;3.291040;,
  -2.015728;18.883131;2.978622;,
  -1.897380;18.745827;2.893679;,
  -2.511975;18.623779;2.522323;,
  -3.021195;18.457664;1.652185;,
  -3.307981;18.174726;0.761299;,
  -1.167770;19.191467;3.285467;,
  -1.950665;19.055330;2.946200;,
  -1.831022;19.153232;2.881082;,
  -2.305412;18.921501;2.454996;,
  -2.511051;18.815126;2.515022;,
  -2.805192;18.570794;1.633613;,
  1.354624;18.708834;2.724935;,
  1.288197;18.592786;2.649572;,
  0.659819;18.917278;3.154706;,
  -0.264159;19.157688;3.246079;,
  2.012508;20.462158;0.000000;,
  2.037905;20.308654;0.021547;,
  2.230334;19.039459;0.208167;,
  2.233705;17.996098;0.344051;,
  2.074067;18.184922;1.200903;,
  1.952482;18.076042;1.188595;,
  1.671338;18.356723;2.001518;,
  2.026207;18.974986;0.164636;,
  2.082209;17.864938;0.271528;,
  -1.954183;24.586893;0.353312;,
  -1.910430;24.232563;0.592562;,
  -1.882586;24.603493;0.594383;,
  -1.710277;24.166195;1.049876;,
  -1.770891;24.354107;0.908724;,
  -1.805015;24.571755;0.820671;,
  -1.843927;24.608653;0.587393;,
  -1.915341;24.590954;0.347577;,
  -1.905139;24.374269;0.237970;,
  -1.842582;24.145259;0.164824;,
  -1.803331;23.984837;0.341055;,
  -1.744667;23.774069;0.447293;,
  -1.774190;23.988803;0.336659;,
  -1.711503;23.776306;0.442601;,
  -1.852604;23.962902;0.772528;,
  -1.780378;23.968485;0.763437;,
  -1.677032;24.169315;1.046530;,
  -1.741701;24.357928;0.904290;,
  -1.766488;24.577875;0.812544;,
  -1.785467;23.683770;0.914420;,
  -1.750172;23.639794;0.884655;,
  -1.765415;23.620227;0.953526;,
  -1.757855;23.612344;0.896776;,
  -1.848445;23.761555;0.918409;,
  -1.743671;23.724275;0.991591;,
  -1.742162;23.689098;0.959953;,
  -1.748866;23.667752;0.981439;,
  -1.709650;23.593269;0.895237;,
  -1.644975;23.567795;0.973211;,
  -1.699438;23.656136;0.991216;,
  -1.750629;23.706173;1.015339;,
  -1.766499;23.796949;1.059446;,
  -1.758075;23.806686;1.031624;,
  -1.884608;23.811470;0.903121;,
  -1.905914;23.922216;0.905664;,
  -1.944622;23.812664;0.846676;,
  -1.871388;23.919277;0.958191;,
  -1.871884;23.857445;0.944317;,
  -1.785255;23.895358;1.038558;,
  -1.796455;23.894589;1.067084;,
  -1.719417;23.802456;1.079536;,
  -1.701432;23.699619;1.029572;,
  -1.786080;24.231525;1.035123;,
  -1.769535;24.063752;1.110933;,
  -1.717466;24.118013;1.141594;,
  -1.654973;23.968075;1.193229;,
  -1.774761;23.966011;1.076290;,
  -1.753334;23.913106;1.088186;,
  -1.608078;23.804659;1.182183;,
  -1.583942;23.652546;1.110141;,
  -1.900476;24.288498;0.728416;,
  -1.892026;24.132429;0.884760;,
  -1.850346;24.291382;0.890035;,
  -1.846758;24.091678;0.982774;,
  -1.822366;24.057034;1.022559;,
  -1.853971;23.984470;1.053539;,
  -1.815355;23.941349;1.056548;,
  -1.802785;23.938450;1.028413;,
  -1.840142;24.009830;0.986268;,
  -1.849428;23.946877;0.986658;,
  -1.860115;24.038429;0.954088;,
  -1.857358;24.021629;1.009151;,
  -1.878907;24.052254;0.974029;,
  -1.918873;24.088222;0.887504;,
  -1.961538;24.152962;0.629071;,
  -1.938797;24.113728;0.721107;,
  -1.926982;24.130699;0.775083;,
  -1.949730;24.086693;0.790689;,
  -1.896389;24.071112;0.875549;,
  -1.927780;23.893605;0.854094;,
  -1.931130;24.105576;0.452801;,
  -1.928849;24.223202;0.574876;,
  -1.924390;24.069752;0.787666;,
  -1.950625;23.957035;0.752248;,
  -1.941811;23.939354;0.812351;,
  -1.990867;24.051144;0.699158;,
  -1.960154;24.071659;0.743017;,
  -1.933833;24.055474;0.743677;,
  -1.948290;23.995026;0.730683;,
  -1.948948;23.894206;0.743988;,
  -1.936829;23.836368;0.767381;,
  -1.925511;23.798320;0.718080;,
  -1.884333;23.731920;0.658448;,
  -1.891492;23.733509;0.756731;,
  -1.898891;23.745453;0.695069;,
  -1.898855;23.799853;0.589805;,
  -1.768320;23.597267;0.849113;,
  -1.787720;23.624096;0.752813;,
  -1.799173;23.595765;0.752296;,
  -1.759718;23.625454;0.840696;,
  -1.855578;23.716419;0.850052;,
  -1.819666;23.707640;0.901014;,
  -1.893677;23.754173;0.816409;,
  -1.823993;23.656776;0.674269;,
  -1.843878;23.685390;0.642069;,
  -1.839126;23.631768;0.665773;,
